0.046905
0.043822
0.036772
0.033310
0.035354
0.035336
0.029387
0.021133
0.013470
0.003738
-0.010957
-0.026462
-0.036860
-0.043475
-0.048596
-0.049078
-0.044968
-0.041781
-0.042035
-0.045590
-0.050986
-0.050789
-0.037707
-0.015361
0.004610
0.012759
0.008799
-0.000333
-0.011412
-0.026423
-0.042692
-0.057219
-0.075983
-0.100653
-0.119132
-0.125983
-0.133347
-0.148842
-0.161991
-0.162239
-0.154647
-0.149619
-0.148867
-0.148168
-0.145195
-0.139612
-0.130026
-0.113140
-0.086540
-0.054384
-0.027285
-0.012537
-0.007007
-0.002162
0.005539
0.011983
0.013220
0.010575
0.006171
-0.000024
-0.007673
-0.016368
-0.027432
-0.041557
-0.056903
-0.071078
-0.083090
-0.092181
-0.094911
-0.087183
-0.071273
-0.055165
-0.044088
-0.038766
-0.039175
-0.045338
-0.057640
-0.074746
-0.088872
-0.091182
-0.083500
-0.075555
-0.071499
-0.068032
-0.064147
-0.063405
-0.066350
-0.069048
-0.069553
-0.069045
-0.068980
-0.071968
-0.080480
-0.092180
-0.100491
-0.100454
-0.094191
-0.089282
-0.088920
-0.089703
-0.091308
-0.096777
-0.104138
-0.109355
-0.112365
-0.113747
-0.111994
-0.104868
-0.091703
-0.076506
-0.064112
-0.053595
-0.042944
-0.034563
-0.031382
-0.034728
-0.043464
-0.052219
-0.057704
-0.061797
-0.063306
-0.058397
-0.048644
-0.037950
-0.027509
-0.017529
-0.007553
0.001858
0.007691
0.010683
0.015433
0.020241
0.017442
0.005278
-0.007608
-0.010167
0.000947
0.021104
0.044079
0.063687
0.076519
0.086892
0.098519
0.106503
0.110277
0.118935
0.132889
0.140788
0.139236
0.135907
0.134026
0.129552
0.121684
0.114209
0.107145
0.096998
0.084871
0.075461
0.070266
0.068659
0.071658
0.080955
0.097325
0.119616
0.143889
0.164772
0.178297
0.184456
0.185680
0.181765
0.172547
0.164117
0.161366
0.160856
0.161234
0.166742
0.174115
0.173397
0.163047
0.150328
0.140117
0.131886
0.123865
0.115370
0.105651
0.093254
0.078713
0.065230
0.054505
0.046457
0.044070
0.050508
0.060690
0.067161
0.073865
0.088717
0.105376
0.111106
0.107169
0.103542
0.102116
0.098804
0.093897
0.092353
0.095852
0.097544
0.090717
0.080332
0.075589
0.076465
0.077328
0.076981
0.078765
0.083897
0.088325
0.089431
0.091292
0.095605
0.096834
0.093644
0.091340
0.090587
0.088019
0.085608
0.088596
0.097031
0.106003
0.113047
0.118546
0.119146
0.111521
0.101501
0.097841
0.101813
0.109575
0.116233
0.118249
0.118165
0.120912
0.127312
0.137392
0.151793
0.168265
0.182270
0.187421
0.179733
0.165252
0.151005
0.133321
0.109705
0.086822
0.068116
0.052125
0.040464
0.034077
0.029839
0.024183
0.014816
0.002913
-0.007049
-0.012968
-0.016226
-0.019221
-0.024482
-0.031331
-0.036620
-0.040198
-0.043107
-0.045778
-0.050486
-0.056588
-0.059265
-0.058689
-0.059866
-0.064719
-0.071312
-0.075656
-0.075737
-0.074443
-0.070855
-0.059544
-0.045427
-0.039513
-0.041067
-0.043616
-0.048800
-0.062272
-0.085218
-0.111295
-0.130825
-0.141800
-0.149201
-0.154390
-0.157245
-0.160800
-0.165786
-0.170603
-0.174430
-0.173608
-0.164659
-0.151802
-0.141851
-0.135162
-0.127219
-0.117272
-0.112204
-0.116998
-0.126397
-0.135316
-0.146550
-0.160348
-0.171991
-0.181523
-0.191812
-0.201584
-0.207184
-0.204237
-0.190644
-0.173282
-0.161894
-0.155984
-0.148610
-0.137630
-0.125119
-0.113211
-0.104416
-0.099919
-0.096889
-0.091166
-0.081702
-0.071677
-0.066216
-0.066464
-0.066895
-0.063251
-0.058513
-0.056402
-0.057080
-0.061524
-0.070974
-0.082718
-0.091529
-0.091715
-0.079245
-0.058518
-0.042618
-0.040791
-0.050376
-0.062955
-0.071728
-0.072634
-0.065632
-0.056197
-0.050180
-0.046444
-0.039870
-0.029973
-0.019597
-0.008847
0.002821
0.012084
0.014689
0.011978
0.010208
0.011899
0.013325
0.012284
0.010278
0.007068
0.002412
-0.000334
0.000097
0.000391
-0.001033
-0.002584
-0.003268
-0.003703
-0.005924
-0.010477
-0.011541
-0.001861
0.015603
0.030249
0.039300
0.048386
0.054038
0.043403
0.018706
0.000244
-0.002928
-0.001620
-0.003631
-0.005592
-0.004878
-0.003362
-0.004017
-0.008717
-0.014999
-0.018322
-0.018295
-0.016553
-0.012134
-0.003200
0.010301
0.024123
0.030976
0.031785
0.037706
0.052021
0.064292
0.068847
0.072896
0.083704
0.099809
0.114573
0.123677
0.129434
0.135415
0.140287
0.143233
0.146928
0.149838
0.147496
0.141742
0.136385
0.128856
0.116256
0.102782
0.094875
0.093349
0.093088
0.089842
0.084413
0.077323
0.065210
0.047835
0.030835
0.017535
0.006342
-0.003024
-0.007206
-0.003028
0.008072
0.020738
0.032154
0.043754
0.055815
0.067171
0.078776
0.091387
0.104234
0.117576
0.129486
0.134531
0.132292
0.127869
0.121114
0.107658
0.089343
0.071752
0.055684
0.039958
0.026148
0.014509
0.002399
-0.010323
-0.021466
-0.031664
-0.042984
-0.054414
-0.062992
-0.067775
-0.071054
-0.075118
-0.077416
-0.072020
-0.057523
-0.039836
-0.026590
-0.021780
-0.024708
-0.031937
-0.040173
-0.046979
-0.050503
-0.050332
-0.047182
-0.041981
-0.036414
-0.032163
-0.029093
-0.026273
-0.023040
-0.017765
-0.009264
0.000484
0.008500
0.014196
0.017987
0.019141
0.018274
0.019115
0.023699
0.029139
0.032764
0.035344
0.036630
0.033794
0.025332
0.012308
-0.002969
-0.017694
-0.028979
-0.033699
-0.030690
-0.024895
-0.024425
-0.031045
-0.038183
-0.040042
-0.038184
-0.036069
-0.031329
-0.020324
-0.007547
-0.002000
-0.007214
-0.021090
-0.039644
-0.056243
-0.063783
-0.061226
-0.053155
-0.041920
-0.026849
-0.011844
-0.004396
-0.005175
-0.008322
-0.011715
-0.016482
-0.019449
-0.015649
-0.005280
0.006158
0.013452
0.017372
0.022434
0.028561
0.031051
0.028654
0.025545
0.026121
0.030477
0.034288
0.033469
0.027178
0.015764
0.001317
-0.010864
-0.017062
-0.018260
-0.017049
-0.016123
-0.017770
-0.021133
-0.022145
-0.017033
-0.006130
0.005627
0.015180
0.025129
0.035973
0.042326
0.041203
0.036060
0.031508
0.027975
0.021101
0.007903
-0.008013
-0.021818
-0.032532
-0.038934
-0.037493
-0.026325
-0.007958
0.011292
0.025597
0.033430
0.035383
0.033407
0.033697
0.041469
0.053509
0.063459
0.070325
0.076839
0.083443
0.086931
0.084956
0.079472
0.074299
0.073319
0.079977
0.094082
0.112575
0.132887
0.150879
0.162251
0.167691
0.167481
0.158381
0.144339
0.134698
0.128263
0.116798
0.100310
0.084781
0.072808
0.064785
0.061795
0.062435
0.062270
0.060344
0.060883
0.066212
0.074979
0.085861
0.095069
0.096786
0.091839
0.086047
0.081146
0.078139
0.081630
0.092447
0.103818
0.106652
0.096392
0.077849
0.060424
0.048489
0.042457
0.042805
0.047060
0.051224
0.054756
0.057825
0.058195
0.053214
0.041516
0.025813
0.012652
0.004719
-0.001174
-0.007935
-0.016998
-0.028476
-0.038652
-0.044751
-0.049987
-0.056595
-0.061393
-0.062966
-0.063456
-0.062335
-0.058054
-0.053645
-0.052636
-0.053497
-0.054024
-0.056390
-0.063813
-0.075173
-0.084745
-0.087764
-0.085252
-0.080111
-0.072071
-0.062104
-0.055811
-0.056645
-0.061579
-0.065879
-0.068179
-0.070874
-0.075261
-0.077604
-0.074371
-0.066748
-0.056240
-0.043554
-0.032058
-0.025275
-0.024166
-0.029049
-0.039289
-0.053351
-0.070341
-0.087307
-0.099704
-0.107041
-0.111828
-0.115077
-0.116552
-0.115639
-0.112531
-0.109144
-0.105368
-0.098273
-0.087478
-0.075832
-0.065902
-0.058478
-0.051527
-0.043229
-0.037127
-0.038122
-0.045677
-0.055750
-0.065402
-0.074099
-0.082717
-0.091583
-0.102020
-0.117434
-0.137092
-0.155529
-0.171276
-0.185180
-0.193549
-0.194193
-0.192151
-0.193752
-0.200386
-0.208223
-0.213005
-0.214334
-0.211655
-0.201571
-0.184981
-0.167840
-0.152475
-0.137602
-0.124251
-0.115584
-0.114191
-0.119212
-0.124855
-0.124785
-0.116542
-0.101471
-0.083538
-0.066500
-0.052505
-0.044738
-0.045522
-0.052134
-0.060260
-0.067626
-0.073076
-0.077149
-0.080207
-0.079603
-0.074259
-0.067755
-0.064093
-0.064941
-0.068408
-0.070965
-0.074826
-0.083685
-0.090523
-0.086705
-0.077451
-0.071747
-0.068013
-0.060333
-0.048157
-0.034988
-0.022006
-0.005724
0.015444
0.036607
0.054393
0.072118
0.091814
0.109306
0.119843
0.123429
0.123555
0.122501
0.119964
0.115496
0.108701
0.099309
0.089647
0.081940
0.073641
0.061747
0.048109
0.035898
0.025575
0.017243
0.014516
0.022790
0.042119
0.065468
0.086269
0.102727
0.113991
0.117517
0.111108
0.096387
0.079276
0.064193
0.050317
0.037476
0.030337
0.032646
0.041819
0.051466
0.057163
0.058703
0.057267
0.053168
0.047320
0.042089
0.040139
0.041888
0.043059
0.039435
0.034000
0.032455
0.035975
0.043778
0.054017
0.061433
0.063329
0.062040
0.057430
0.047768
0.035648
0.024151
0.014697
0.010241
0.011716
0.015425
0.018063
0.018560
0.017484
0.018027
0.022214
0.027722
0.032830
0.038892
0.045728
0.051471
0.058217
0.071400
0.090431
0.105512
0.109255
0.104846
0.097049
0.085543
0.070943
0.055671
0.039793
0.024642
0.014125
0.008502
0.005023
0.003616
0.005561
0.009731
0.012650
0.010155
0.000735
-0.011170
-0.017771
-0.015576
-0.008460
-0.001221
0.006661
0.017116
0.027794
0.034777
0.036026
0.030579
0.020281
0.010342
0.003712
-0.000326
-0.001601
0.000899
0.005835
0.009559
0.008104
0.000531
-0.008880
-0.014748
-0.015616
-0.012339
-0.005533
0.002490
0.006569
0.002303
-0.009246
-0.022743
-0.034976
-0.046462
-0.058387
-0.072877
-0.091873
-0.111991
-0.126204
-0.131505
-0.130650
-0.127799
-0.124436
-0.119568
-0.113868
-0.109115
-0.103356
-0.094304
-0.084701
-0.076755
-0.068247
-0.058490
-0.049527
-0.042773
-0.041412
-0.049569
-0.065410
-0.081879
-0.093874
-0.100501
-0.102359
-0.099340
-0.091668
-0.082032
-0.074812
-0.073442
-0.078000
-0.084594
-0.089535
-0.093676
-0.099418
-0.105654
-0.108416
-0.105138
-0.097242
-0.087208
-0.074847
-0.060967
-0.049075
-0.038471
-0.026144
-0.015592
-0.010606
-0.008267
-0.007743
-0.011031
-0.013703
-0.009831
0.000109
0.012517
0.022868
0.027918
0.029899
0.031309
0.030284
0.026754
0.022523
0.015385
0.004889
-0.000995
0.005948
0.023090
0.037903
0.040873
0.035499
0.029783
0.023891
0.015612
0.008630
0.007137
0.011446
0.022023
0.039883
0.062070
0.081016
0.089494
0.086352
0.076758
0.065566
0.052626
0.037527
0.024575
0.016673
0.009807
0.001743
-0.002107
0.001371
0.008804
0.018597
0.030495
0.040666
0.047550
0.054379
0.061670
0.066306
0.067441
0.067802
0.070997
0.078138
0.086204
0.091297
0.093710
0.097944
0.105618
0.111221
