10.000000
10.000000
10.000000
10.000000
10.000000
10.000000
10.000000
10.000000
10.000000
4.200501
7.782789
7.663740
10.000000
10.000000
10.000000
10.000000
10.000000
8.927052
6.025803
5.539348
10.000000
10.000000
10.000000
10.000000
1.925612
10.000000
10.000000
10.000000
10.000000
10.000000
8.215006
0.575597
6.874859
9.479150
6.080329
5.493798
10.000000
6.158615
0.625485
3.940492
2.668945
5.409976
5.369471
2.247832
0.644946
4.965809
10.000000
10.000000
10.000000
2.641906
3.540213
0.339771
0.860148
10.000000
2.503536
0.572632
5.560929
4.809995
0.587041
3.060587
10.000000
1.591935
1.786455
1.798097
1.335573
3.169516
4.822346
3.724075
5.897713
1.318046
0.423342
6.681475
1.412124
0.564907
0.462331
3.171128
2.042656
1.238521
2.713222
7.513616
10.000000
5.620120
0.720375
0.580387
0.912733
4.644038
1.767512
1.303422
0.366725
3.707027
3.715784
0.214817
0.030403
7.516210
8.415431
8.434854
3.673668
0.091201
0.999288
0.140881
1.034399
4.154515
1.279271
1.409881
3.258545
3.308928
9.290388
0.485495
6.934466
0.150675
0.996415
0.388815
1.563744
2.091383
2.834137
1.024397
2.022878
0.530605
4.556648
0.055150
2.046009
0.631295
0.821229
1.603968
0.871158
0.115890
0.448023
3.862407
0.839932
1.509645
0.020645
1.903382
0.252731
1.312422
0.477773
1.911965
1.834548
1.746062
3.096415
0.375423
1.505951
0.536130
1.900530
2.840188
0.520583
0.362405
0.306909
0.437773
1.368392
1.047821
1.547212
0.065937
1.429660
0.206333
0.467818
1.047976
1.106153
2.651704
1.147698
1.983745
0.895542
1.931962
0.132224
1.514742
0.663683
0.858988
3.730950
1.415470
1.597307
1.006902
1.793642
1.911762
0.263898
2.344165
0.056296
1.096292
0.103203
0.725435
1.164826
0.085507
0.427020
1.587544
1.032362
0.048378
1.206386
0.187014
1.445110
3.791770
0.328327
0.954598
3.467555
1.137877
1.256360
0.864163
0.284855
1.697877
0.798266
0.580503
0.502397
0.355779
1.025519
0.437673
0.003762
0.842289
0.140946
1.835818
0.610491
2.152081
2.300989
1.108291
1.250338
2.340026
0.277565
0.791049
2.608627
1.406923
0.333782
1.098146
0.841163
0.348710
0.589625
1.165404
1.380386
1.796280
0.447755
0.307831
4.141985
0.285992
0.026344
1.158615
1.322101
0.210183
0.199140
1.075195
1.454338
0.489903
0.557885
1.077675
2.939710
0.021773
0.314738
0.395504
1.740376
0.440456
0.061760
0.815079
0.342487
0.543242
0.692837
1.444627
1.652188
0.352375
0.206869
0.162613
0.481748
0.087011
0.224736
1.022144
0.427880
0.323981
0.268213
0.323854
0.095837
0.322837
0.526502
0.529063
0.690051
2.175572
0.777466
0.178359
0.898212
0.099032
0.869891
1.021806
0.045103
1.164939
0.123183
0.042564
0.142001
0.586214
0.078735
1.119269
1.163391
0.570855
0.763290
2.335402
1.444609
0.620160
0.095130
0.866665
0.443523
0.296582
0.049579
0.773173
0.159168
0.739074
0.375292
0.792073
0.173247
0.018264
0.326222
0.533585
0.350499
0.601669
0.523474
0.546480
0.667128
0.460774
0.232629
0.276759
0.406888
0.000342
0.258972
0.726520
0.808478
0.342161
0.234398
0.243748
0.291792
0.318861
0.125198
0.085137
1.063102
0.792594
0.392334
0.726882
0.481287
0.352646
0.150812
0.063319
1.369889
0.057042
0.912871
0.252039
0.825895
0.752139
0.207737
0.507693
0.589953
0.136711
0.189882
0.200324
0.256239
0.363055
1.149277
0.594774
0.297093
1.329983
0.682472
1.003276
0.019814
0.049164
0.608284
0.696427
0.436845
0.585803
0.144599
0.054783
0.143919
0.237261
0.154645
0.193447
0.245618
0.471637
0.568371
0.346642
0.122922
0.771426
0.283041
0.372836
0.779376
0.777673
1.474503
0.630239
0.116418
0.643956
0.986792
0.119051
0.334878
0.520535
0.108375
0.335625
0.065370
0.466119
0.371919
0.143504
0.468121
0.096821
0.058362
0.036363
0.079459
0.448237
0.423999
0.077522
0.351782
0.312311
0.147115
0.313823
0.059557
0.530915
0.099925
1.058797
0.669794
0.391490
0.097641
0.384625
0.319021
0.093093
0.012845
0.389931
0.326091
0.581932
0.299403
0.100302
0.318090
0.719112
0.595512
0.490767
0.144479
0.649394
0.019507
0.006587
0.362928
0.315770
0.757419
0.407252
0.384041
0.053390
0.070469
0.160144
0.429490
0.195088
0.139312
0.157912
0.025433
0.531343
0.107371
0.238519
0.008720
0.426523
0.013469
0.118319
0.031886
0.184443
0.203338
0.184068
0.292676
0.361021
0.540072
0.050185
0.023090
0.266845
0.065412
0.346153
0.250568
0.585174
0.110164
0.187528
0.460298
0.103365
0.460064
0.002141
0.051178
0.120279
0.088174
0.115345
0.451679
0.099737
0.134576
0.370373
0.152429
0.325932
0.534545
0.619596
0.290944
0.073903
0.041598
0.111875
0.677736
0.044061
0.348744
0.143597
0.188149
0.149968
0.028820
0.196226
0.378971
0.385027
0.508058
0.711859
0.247697
0.482915
0.176639
0.087346
0.019657
0.002279
0.127147
0.074597
0.121204
0.098141
0.169145
0.012541
0.292570
0.283951
0.648091
0.234452
0.521408
0.187846
0.062302
0.158740
0.227935
0.151325
0.306253
0.158579
0.093212
0.096534
0.072475
0.140599
0.110543
0.064900
0.084225
0.129185
0.097106
0.002043
0.093863
0.047518
0.095188
0.006889
0.037943
0.134506
0.001137
0.008718
0.038682
0.064421
0.023645
0.136247
0.101163
0.060016
0.027766
0.012606
0.076092
0.107296
0.040865
0.068592
0.012295
0.089818
0.060712
0.048627
0.045207
0.065506
0.025212
0.045765
0.034014
0.028732
0.082447
0.003389
0.007874
0.020450
0.059051
0.014422
0.042692
0.015704
0.059265
0.013525
0.173096
0.075674
0.072148
0.006908
0.057615
0.039170
0.046814
0.015822
0.001997
0.004676
0.006252
0.010910
0.010389
0.008837
0.010887
0.011282
0.012713
0.013638
0.038506
0.006764
0.004323
0.009337
0.009161
0.010515
0.010895
0.011829
0.011588
0.010442
0.008423
0.009665
0.008703
0.006156
0.004457
0.030686
0.027822
0.016876
0.032521
0.041620
0.009164
0.029330
0.019610
0.005567
0.023259
0.024151
0.015189
0.028623
0.043474
0.065805
0.021783
0.021786
0.015399
0.023818
0.002132
0.021290
0.023178
0.000278
0.011383
0.061636
0.010145
0.013935
0.032136
0.004087
0.011783
0.011929
0.010432
0.013943
0.010911
0.013610
0.016326
0.014119
0.003595
0.015203
0.004974
0.001223
0.010008
0.010240
0.011010
0.012998
0.012359
0.012428
0.012119
0.012132
0.012144
0.012451
0.012842
0.012352
0.012483
0.012557
0.012614
0.011754
0.013438
0.012929
0.013175
0.012284
0.013109
0.012759
0.013223
0.013927
0.012996
0.013034
0.013148
0.013157
0.013468
0.012880
0.013225
0.013580
0.012885
0.012897
0.013570
0.013808
0.013500
0.013527
0.013422
0.013792
0.013992
0.013394
0.014296
0.013415
0.013406
0.013416
0.014073
0.014015
0.013469
0.013875
0.013214
0.013551
0.014119
0.013777
0.014408
0.014254
0.014060
0.013904
0.013950
0.014475
0.014208
0.014002
0.013702
0.014193
0.013804
0.014574
0.014452
0.014477
0.014483
0.014341
0.014351
0.013565
0.014234
0.013972
0.014631
0.014651
0.013890
0.014942
0.014265
0.014463
0.015081
0.014593
0.014765
0.014290
0.014878
0.014677
0.014758
0.014416
0.014550
0.014255
0.015649
0.014742
0.014533
0.014942
0.014544
0.015071
0.014883
0.014783
0.015039
0.014701
0.015272
0.015195
0.015274
0.015452
0.015137
0.015397
0.015176
0.015519
0.014746
0.014998
0.015404
0.015830
0.014892
0.015408
0.015233
0.015445
0.015263
0.015335
0.015220
0.015546
0.015543
0.015969
0.015185
0.015378
0.015511
0.015692
0.015959
0.015096
0.015592
0.015585
0.015339
0.015464
0.015802
0.015660
0.015593
0.015627
0.015773
0.015591
0.016059
0.015744
0.015285
0.015503
0.016060
0.015917
0.015838
0.015925
0.015575
0.016059
0.015546
0.015830
0.016003
0.015650
0.016206
0.015755
0.016219
0.015854
0.016080
0.016054
0.016021
0.016167
0.015911
0.016356
0.016205
0.016208
0.015990
0.015966
0.016108
0.016073
0.016038
0.016205
0.016152
0.015946
0.016051
0.016253
0.016138
0.016270
0.016334
0.016151
0.016095
0.016248
0.016282
0.016246
0.016404
0.016328
0.016632
0.016384
0.016298
0.016374
0.016341
0.016340
0.016460
0.016356
0.016441
0.016446
0.016515
0.016533
0.016549
0.016613
0.016462
0.016553
0.016512
0.016547
0.016612
0.016613
0.016601
0.016588
0.016639
0.016576
0.016649
0.016688
0.016681
0.016659
0.016667
0.016675
0.016676
0.016696
0.016700
0.016702
0.016758
0.016777
0.016811
0.016791
0.016783
0.016806
0.016789
0.016817
0.016796
0.016841
0.016845
0.016856
0.016853
0.016888
0.016858
0.016878
0.016906
0.016911
0.016919
0.016939
0.016926
0.016928
0.016968
0.016954
0.016982
0.016951
0.016971
0.016992
0.016993
0.016986
0.017022
0.017014
0.017030
0.017010
0.017032
0.017040
0.017054
0.017065
0.017073
0.017081
0.017071
0.017090
0.017096
0.017088
0.017119
0.017097
0.017131
0.017127
0.017131
0.017132
0.017136
0.017154
0.017172
0.017178
0.017188
0.017190
0.017180
0.017186
0.017188
0.017196
0.017214
0.017212
0.017223
0.017229
0.017236
0.017237
0.017246
0.017248
0.017259
0.017262
0.017282
0.017267
0.017299
0.017298
0.017289
0.017307
0.017301
0.017291
0.017295
0.017325
0.017328
0.017332
0.017331
0.017340
0.017337
0.017338
0.017368
0.017350
0.017373
0.017343
0.017345
0.017368
0.017374
0.017370
0.017377
0.017384
0.017385
0.017397
0.017408
0.017401
0.017386
0.017409
0.017402
0.017423
0.017393
0.017430
0.017399
0.017422
0.017433
0.017439
0.017443
0.017430
0.017439
0.017454
0.017440
0.017460
0.017450
0.017462
0.017462
0.017455
0.017458
0.017467
0.017479
0.017454
0.017479
0.017488
0.017475
0.017488
0.017472
0.017496
0.017489
0.017494
0.017476
0.017462
0.017502
0.017498
0.017505
0.017492
0.017490
0.017491
0.017501
0.017516
0.017512
0.017509
0.017516
0.017516
0.017519
0.017514
0.017511
0.017520
0.017525
0.017523
0.017517
0.017523
0.017516
0.017531
0.017507
0.017534
0.017524
0.017527
0.017541
0.017528
0.017516
0.017523
0.017521
0.017516
0.017532
0.017510
0.017510
0.017532
0.017516
0.017521
0.017523
0.017516
0.017528
0.017541
0.017527
0.017524
0.017534
0.017507
0.017531
0.017516
0.017523
0.017517
0.017523
0.017525
0.017520
0.017511
0.017514
0.017519
0.017516
0.017516
0.017509
0.017512
0.017516
0.017501
0.017491
0.017490
0.017492
0.017505
0.017498
0.017502
0.017462
0.017476
0.017494
0.017489
0.017496
0.017472
0.017488
0.017475
0.017488
0.017479
0.017454
0.017479
0.017467
0.017458
0.017455
0.017462
0.017462
0.017450
0.017460
0.017440
0.017454
0.017439
0.017430
0.017443
0.017439
0.017433
0.017422
0.017399
0.017430
0.017393
0.017423
0.017402
0.017409
0.017386
0.017401
0.017408
0.017397
0.017385
0.017384
0.017377
0.017370
0.017374
0.017368
0.017345
0.017343
0.017373
0.017350
0.017368
0.017338
0.017337
0.017340
0.017331
0.017332
0.017328
0.017325
0.017295
0.017291
0.017301
0.017307
0.017289
0.017298
0.017299
0.017267
0.017282
0.017262
0.017259
0.017248
0.017246
0.017237
0.017236
0.017229
0.017223
0.017212
0.017214
0.017196
0.017188
0.017186
0.017180
0.017190
0.017188
0.017178
0.017172
0.017154
0.017136
0.017132
0.017131
0.017127
0.017131
0.017097
0.017119
0.017088
0.017096
0.017090
0.017071
0.017081
0.017073
0.017065
0.017054
0.017040
0.017032
0.017010
0.017030
0.017014
0.017022
0.016986
0.016993
0.016992
0.016971
0.016951
0.016982
0.016954
0.016968
0.016928
0.016926
0.016939
0.016919
0.016911
0.016906
0.016878
0.016858
0.016888
0.016853
0.016856
0.016845
0.016841
0.016796
0.016817
0.016789
0.016806
0.016783
0.016791
0.016811
0.016777
0.016758
0.016702
0.016700
0.016696
0.016676
0.016675
0.016667
0.016659
0.016681
0.016688
0.016649
0.016576
0.016639
0.016588
0.016601
0.016613
0.016612
0.016547
0.016512
0.016553
0.016462
0.016613
0.016549
0.016533
0.016515
0.016446
0.016441
0.016356
0.016460
0.016340
0.016341
0.016374
0.016298
0.016384
0.016632
0.016328
0.016404
0.016246
0.016282
0.016248
0.016095
0.016151
0.016334
0.016270
0.016138
0.016253
0.016051
0.015946
0.016152
0.016205
0.016038
0.016073
0.016108
0.015966
0.015990
0.016208
0.016205
0.016356
0.015911
0.016167
0.016021
0.016054
0.016080
0.015854
0.016219
0.015755
0.016206
0.015650
0.016003
0.015830
0.015546
0.016059
0.015575
0.015925
0.015838
0.015917
0.016060
0.015503
0.015285
0.015744
0.016059
0.015591
0.015773
0.015627
0.015593
0.015660
0.015802
0.015464
0.015339
0.015585
0.015592
0.015096
0.015959
0.015692
0.015511
0.015378
0.015185
0.015969
0.015543
0.015546
0.015220
0.015335
0.015263
0.015445
0.015233
0.015408
0.014892
0.015830
0.015404
0.014998
0.014746
0.015519
0.015176
0.015397
0.015137
0.015452
0.015274
0.015195
0.015272
0.014701
0.015039
0.014783
0.014883
0.015071
0.014544
0.014942
0.014533
0.014742
0.015649
0.014255
0.014550
0.014416
0.014758
0.014677
0.014878
0.014290
0.014765
0.014593
0.015081
0.014463
0.014265
0.014942
0.013890
0.014651
0.014631
0.013972
0.014234
0.013565
0.014351
0.014341
0.014483
0.014477
0.014452
0.014574
0.013804
0.014193
0.013702
0.014002
0.014208
0.014475
0.013950
0.013904
0.014060
0.014254
0.014408
0.013777
0.014119
0.013551
0.013214
0.013875
0.013469
0.014015
0.014073
0.013416
0.013406
0.013415
0.014296
0.013394
0.013992
0.013792
0.013422
0.013527
0.013500
0.013808
0.013570
0.012897
0.012885
0.013580
0.013225
0.012880
0.013468
0.013157
0.013148
0.013034
0.012996
0.013927
0.013223
0.012759
0.013109
0.012284
0.013175
0.012929
0.013438
0.011754
0.012614
0.012557
0.012483
0.012352
0.012842
0.012451
0.012144
0.012132
0.012119
0.012428
0.012359
0.012998
0.011010
0.010240
0.010008
0.001223
0.004974
0.015203
0.003595
0.014119
0.016326
0.013610
0.010911
0.013943
0.010432
0.011929
0.011783
0.004087
0.032136
0.013935
0.010145
0.061636
0.011383
0.000278
0.023178
0.021290
0.002132
0.023818
0.015399
0.021786
0.021783
0.065805
0.043474
0.028623
0.015189
0.024151
0.023259
0.005567
0.019610
0.029330
0.009164
0.041620
0.032521
0.016876
0.027822
0.030686
0.004457
0.006156
0.008703
0.009665
0.008423
0.010442
0.011588
0.011829
0.010895
0.010515
0.009161
0.009337
0.004323
0.006764
0.038506
0.013638
0.012713
0.011282
0.010887
0.008837
0.010389
0.010910
0.006252
0.004676
0.001997
0.015822
0.046814
0.039170
0.057615
0.006908
0.072148
0.075674
0.173096
0.013525
0.059265
0.015704
0.042692
0.014422
0.059051
0.020450
0.007874
0.003389
0.082447
0.028732
0.034014
0.045765
0.025212
0.065506
0.045207
0.048627
0.060712
0.089818
0.012295
0.068592
0.040865
0.107296
0.076092
0.012606
0.027766
0.060016
0.101163
0.136247
0.023645
0.064421
0.038682
0.008718
0.001137
0.134506
0.037943
0.006889
0.095188
0.047518
0.093863
0.002043
0.097106
0.129185
0.084225
0.064900
0.110543
0.140599
0.072475
0.096534
0.093212
0.158579
0.306253
0.151325
0.227935
0.158740
0.062302
0.187846
0.521408
0.234452
0.648091
0.283951
0.292570
0.012541
0.169145
0.098141
0.121204
0.074597
0.127147
0.002279
0.019657
0.087346
0.176639
0.482915
0.247697
0.711859
0.508058
0.385027
0.378971
0.196226
0.028820
0.149968
0.188149
0.143597
0.348744
0.044061
0.677736
0.111875
0.041598
0.073903
0.290944
0.619596
0.534545
0.325932
0.152429
0.370373
0.134576
0.099737
0.451679
0.115345
0.088174
0.120279
0.051178
0.002141
0.460064
0.103365
0.460298
0.187528
0.110164
0.585174
0.250568
0.346153
0.065412
0.266845
0.023090
0.050185
0.540072
0.361021
0.292676
0.184068
0.203338
0.184443
0.031886
0.118319
0.013469
0.426523
0.008720
0.238519
0.107371
0.531343
0.025433
0.157912
0.139312
0.195088
0.429490
0.160144
0.070469
0.053390
0.384041
0.407252
0.757419
0.315770
0.362928
0.006587
0.019507
0.649394
0.144479
0.490767
0.595512
0.719112
0.318090
0.100302
0.299403
0.581932
0.326091
0.389931
0.012845
0.093093
0.319021
0.384625
0.097641
0.391490
0.669794
1.058797
0.099925
0.530915
0.059557
0.313823
0.147115
0.312311
0.351782
0.077522
0.423999
0.448237
0.079459
0.036363
0.058362
0.096821
0.468121
0.143504
0.371919
0.466119
0.065370
0.335625
0.108375
0.520535
0.334878
0.119051
0.986792
0.643956
0.116418
0.630239
1.474503
0.777673
0.779376
0.372836
0.283041
0.771426
0.122922
0.346642
0.568371
0.471637
0.245618
0.193447
0.154645
0.237261
0.143919
0.054783
0.144599
0.585803
0.436845
0.696427
0.608284
0.049164
0.019814
1.003276
0.682472
1.329983
0.297093
0.594774
1.149277
0.363055
0.256239
0.200324
0.189882
0.136711
0.589953
0.507693
0.207737
0.752139
0.825895
0.252039
0.912871
0.057042
1.369889
0.063319
0.150812
0.352646
0.481287
0.726882
0.392334
0.792594
1.063102
0.085137
0.125198
0.318861
0.291792
0.243748
0.234398
0.342161
0.808478
0.726520
0.258972
0.000342
0.406888
0.276759
0.232629
0.460774
0.667128
0.546480
0.523474
0.601669
0.350499
0.533585
0.326222
0.018264
0.173247
0.792073
0.375292
0.739074
0.159168
0.773173
0.049579
0.296582
0.443523
0.866665
0.095130
0.620160
1.444609
2.335402
0.763290
0.570855
1.163391
1.119269
0.078735
0.586214
0.142001
0.042564
0.123183
1.164939
0.045103
1.021806
0.869891
0.099032
0.898212
0.178359
0.777466
2.175572
0.690051
0.529063
0.526502
0.322837
0.095837
0.323854
0.268213
0.323981
0.427880
1.022144
0.224736
0.087011
0.481748
0.162613
0.206869
0.352375
1.652188
1.444627
0.692837
0.543242
0.342487
0.815079
0.061760
0.440456
1.740376
0.395504
0.314738
0.021773
2.939710
1.077675
0.557885
0.489903
1.454338
1.075195
0.199140
0.210183
1